2917,267051,335331,106547,234198,161135,63119,168927,87413,331039,396732,202983,250177,171959,277119,272324,284045,77708,456056,253286;110315,197968
288763,263188,438484,452128,226192,350528,344071,224690,359112,35986,33388,79097,127537,451181,92814,320288,449529,117984,101876,434513;378045
390036,102229,316753,48030,254432,372169,448943,308102,323381,315017,253615,333191,447995,277119,113899,231243,55227,92271,174537,255908;316753
288763,125084,452128,2640,89931,175539,199989,136847,443101,455886,460188,350528,307455,51408,55227,438412,224690,453043,359863,5070;234390
456056,438234,161135,235559,395969,89380,267051,242521,458271,243245,385921,279464,362659,124941,271887,332183,438264,369158,260794,320914;176113
326305,4887,278586,379841,321257,181493,74833,232172,134793,252483,45237,1590,453564,54435,283269,334886,431310,19883,200231,240970;245400,289021,63212,204442,204442
358845,192653,260539,42002,380169,296795,55395,243843,85774,169260,98807,453487,165030,285608,12569,143000,257200,86532,393123,449226;13916,80111
435796,92466,390475,92951,273239,25762,417992,355186,465522,180018,321712,48731,227331,416952,204494,2836,418608,357111,119538,391156;435796
378676,174724,445351,28144,113641,112566,277609,119736,214264,19976,383496,459848,242967,41217,36497,323381,73917,466008,370390,331633;378676
192653,299038,146630,46156,55758,393123,249592,357111,355325,312251,430317,335235,65273,98807,430200,269551,371585,304840,445486,145715;161368,283405,161368
240708,174724,14671,320732,179856,188723,322887,243843,122604,443875,170811,385355,69101,257200,334886,160272,98807,383869,248711,247999;385355,385355,385355
288249,192653,357111,450082,25762,355186,12569,83730,288525,153907,281211,23762,132423,287356,230985,407658,380689,68814,148103,391917;206767,360281,460135
242637,392311,344616,449819,212672,18993,438264,274281,271887,244571,466319,8347,263188,79097,412060,209994,451181,80435,200425,68106;401285
279087,67811,184786,172293,335975,124272,349679,420773,297884,107704,200944,316907,204868,101698,222116,431147,356791,420960,21013,158448;314397
458271,322955,77708,113832,45583,396732,393744,106547,211285,339356,267051,153666,254432,461576,320914,101718,187934,243245,265674,74025;139191
193450,174208,443101,103804,316907,241498,364950,191203,387869,380649,175539,152328,254789,113899,312077,415267,130352,381944,239774,248597;344071,243169
4284,442172,85832,64202,176424,318746,84973,432592,29684,127995,86430,328692,243025,383176,174719,331311,869,412371,296989,211210;335459,89044
355393,362447,431310,396619,221290,405101,93389,208529,51354,419724,356421,180612,109663,77514,335167,383212,379841,192413,29825,262051;93389
149578,187150,265625,180214,241099,184086,246305,289633,154491,225592,80196,66977,207749,398756,74952,374759,398326,188390,339517,12827;352441,348949,20740
142466,134118,310702,42002,315176,192653,224605,301013,81434,439963,303833,85510,436694,413951,368701,12569,372243,443875,442431,257200;448091,92329
370390,28144,23626,23593,266322,133517,456602,61303,391472,266553,222604,221501,85865,192262,71784,267593,228279,436360,447560,466259;391289
328692,4284,361496,127042,313463,21561,91708,135975,226270,290317,218449,409804,175831,308967,273762,383869,64202,243025,6586,287647;328692,328692
144785,323084,20187,387339,331459,257635,463663,260481,257840,24265,289633,197862,413686,361443,36906,215904,322810,5900,225123,155319;273416,307559,170751
54875,326551,408189,360877,158448,73311,106547,206241,67434,132600,431017,170038,284871,331209,140156,280375,50275,444712,45622,151183;190545,338222
90389,374554,202716,67811,367032,277794,158448,74833,132683,5070,316907,349679,139243,421337,133517,114837,323403,387341,403302,360877;461032
44234,225279,120541,303229,398951,387780,313463,277247,146630,361496,285055,181227,293197,59003,329311,103413,148855,291877,20187,50221;299222
51360,146613,365536,165337,39449,312728,388356,19883,4606,267050,380997,302587,359109,287470,401415,278609,303341,448690,133398,366734;282806
445749,111737,375021,153767,228068,257635,91708,234215,388356,132683,181576,39469,144785,5070,398951,98498,272969,218626,453564,101506;445749
273239,47044,192792,86861,3136,50221,176162,170262,85832,86430,279464,5305,304840,186228,123745,438264,442511,345279,393768,281480;162536
405493,436360,23626,391472,45622,221501,448494,50275,61303,414654,331209,453286,46536,172894,132600,103711,23593,191203,463872,446934;374675
258303,289633,260481,188390,126706,274281,257840,179436,449484,19588,24136,143416,234603,68000,107503,465943,20187,278520,75331,288795;449484
285135,257635,445749,155319,153767,323084,144785,91708,405770,447661,234215,453564,111737,114643,436360,197862,218580,177036,124834,247427;453618,330506
1956,242521,369619,315543,203002,438264,79595,130865,162745,251751,461538,210408,9646,462203,382751,352723,69974,465511,134118,5305;315543,12765,315543
38965,43120,300431,330647,1879,188463,316135,29684,190070,254423,291562,150875,149578,331244,159780,79595,401415,344616,238209,184199;150875,150875,150875
82278,38965,447360,345279,117695,159780,85832,262105,273239,65273,425920,174451,379841,232172,91152,127995,133224,206289,43120,131387;309778
184903,67434,350968,253286,342530,34488,63119,382145,192931,50648,453235,152120,239871,361734,300670,91998,439963,66974,280328,346436;92039,233429
186256,231243,153767,47415,342367,408203,66548,75392,124834,227211,277247,282551,448345,376365,251646,434238,320620,348221,4606,92271;182278
192653,357111,450082,287356,288249,407658,388227,25762,288525,12569,418606,246305,56782,74634,380689,23762,190004,68814,83730,51354;450082,450082
125145,298255,312781,456355,133398,287470,51207,153767,321850,23707,261644,42720,403969,5070,103711,124834,247307,65281,67045,175668;334841,298255,68313
27442,179400,107972,364073,268530,121584,248569,74952,222888,379520,28493,403215,90389,224700,299817,188228,379467,162467,74025,5730;5730
198903,422471,83569,70035,439963,84973,30024,9646,448943,170372,423612,407489,314688,430550,146100,247909,346436,269614,398577,314801;198903,198903,198903,198903
416952,210975,49466,92466,327946,380971,149230,168010,56303,322717,81473,61784,24219,178537,67486,184826,152328,412457,122225,343848;171936
335331,23707,306763,103711,100684,414654,191049,66424,286645,237017,167399,12609,261644,358803,191203,252203,415781,48030,266439,128129;103711,100684
106547,458271,267051,396732,45583,109656,366344,354645,48704,449280,447960,360213,254423,248063,339356,113832,184086,77708,442837,393744;354645
366177,73568,350629,108646,448220,248597,416979,133042,300431,24593,143185,161623,184199,187623,314397,260539,58638,339808,339763,15564;115426,393028
258155,372523,127995,393944,382145,342530,464731,50648,205764,280328,204057,133224,159780,293808,118382,275294,418277,155548,392082,206930;43267
92814,122225,47447,172004,132418,238554,390934,337101,295537,277211,36873,264604,438484,81579,274281,423395,353111,2455,386278,112782;63775,358076
379520,322955,188228,90389,136697,77902,306034,315017,153666,442496,101718,385472,74025,27248,211285,27442,422471,272907,202716,350528;231243
277762,140262,411482,56303,204685,81473,79524,418608,416952,343848,83837,409253,379841,359586,227880,346501,234033,374996,288078,220896;391629
312728,354676,272527,384470,194791,376944,19883,385498,34269,365536,135446,159780,393768,133398,110151,257599,138017,133814,61303,51360;29196
5070,359863,288763,307455,67811,443101,207379,362457,274008,415160,329104,239896,254789,212438,312781,370984,8185,125145,374554,277794;458208,205111
396042,117206,137352,239848,276282,165591,415160,93382,331209,298255,197862,456355,376944,144785,95971,36497,79572,323718,153767,210373;311143,64011
227667,427472,69207,136847,83791,126623,101876,461061,286217,393767,420773,30990,453487,433697,127688,187354,173223,155050,356791,431147;286217
232172,4887,181493,326305,19883,252483,379841,172605,453564,117695,1590,45237,165337,301770,134793,159780,74833,301345,206564,75873;221329
452267,267161,424193,51354,116587,229749,336441,324670,133517,297404,175831,74634,365166,267593,407658,179578,212467,199838,176113,448044;308438,438322
429595,455886,376823,63769,200425,244571,167501,224690,22926,242637,56604,325670,118752,263188,452128,94442,68106,288763,262521,239896;429595
42002,383869,286645,66424,271268,331446,372243,98807,199233,91708,315176,278586,224605,230911,108452,461091,279531,81434,213280,368701;367664,369158,231482,353237,162745,177257,369933
238650,146613,127537,240708,428034,79097,402225,425920,110950,244571,95426,452128,427360,109583,403,359109,183313,112538,299658,347014;95426,302329
227667,69207,61001,259147,121584,136847,155050,83791,260539,461061,223985,312594,455886,67045,447995,22926,427360,459048,403346,359112;198897
237021,139773,336131,432409,312613,74952,408218,418606,224586,306328,154289,430622,291877,403215,31539,334401,191726,34796,257245,180214;115323
350528,455886,2917,35986,211285,438484,307455,288763,199217,446067,136697,274008,434814,254789,355925,370984,325670,174185,335975,175668;350528,350528
44137,116587,133647,431276,328692,201245,172894,297404,248630,367032,220086,90033,431017,50737,262098,227790,45622,174719,396185,330889;330889
422471,375021,322485,155319,146613,230376,301013,92078,179436,393768,198903,62549,100393,9646,127712,433543,257635,64470,438978,301552;343256,343256,6586,365932,266942,158666
260481,257635,323084,428423,270798,257840,192931,47863,155319,68000,247307,179436,258303,24265,2416,215599,144785,92668,225778,24136;441050,428423
29940,312594,63136,227667,30990,246305,41295,216305,441734,12404,111402,342816,24593,358485,30573,259884,17812,360017,454818,421884;259884,441734,216305
390475,92951,442172,447360,62275,418608,435796,359586,81473,273239,149049,188830,195219,180018,334094,430546,291562,71733,73906,416952;390475
227667,29940,342816,30990,312594,216305,184199,12404,41803,232916,24593,221290,313230,383715,29825,339808,315685,80196,172103,197723;449391,29940,342264,29940
22926,368193,47447,319019,92271,277119,242637,56604,167399,61001,6174,263188,330786,18993,161463,399748,276511,335331,154244,369800;251116
240708,334886,373128,112538,322887,133647,278586,122604,69101,326766,289844,390582,165337,279531,199233,284463,44137,160272,170811,51354;385355,84593,361554,361554,385355,385355
237021,74634,430622,432409,339763,180018,79956,257245,407658,185246,336441,154289,296795,428648,181973,224586,48731,101666,13280,361447;353334
175831,192653,120073,111519,51354,70035,276494,211418,42002,84973,405548,430550,229749,230405,442431,230985,437382,407658,320732,438978;215505
285608,233834,296795,205231,304685,240708,388318,129972,149095,373128,405493,133042,466079,118752,403,79956,15564,285398,256270,248597;114070,62300,175299,218339
328876,413686,241209,446534,420631,260481,225123,305496,433014,403346,387652,20388,20187,331459,29825,420773,427472,22913,144053,352318;237960,413686,328876,413686,237960
345034,322887,430622,130352,133042,257245,354714,254655,180018,44137,245818,187623,13280,174208,79956,334886,174724,248597,389158,238447;245818
232172,26671,387339,1590,302696,379841,411482,181493,398951,220237,321821,197862,459475,238209,204782,227053,299677,26634,288078,331459;15948
448943,29684,123541,314801,84973,14974,242194,111240,404789,277550,318746,27516,143418,29656,424996,383176,282385,429046,391992,344110;350006,38475,240054,250015,359491,359491,401285,359491
350968,340894,280328,57578,29656,436549,463871,69533,205764,14974,70035,382885,424421,439963,176547,354709,448943,257420,394754,209887;247785
260481,257635,323084,428423,270798,257840,192931,47863,155319,68000,179436,24265,258303,247307,2416,225778,215599,144785,92668,24136;441050,270798
121584,175539,404789,77902,424506,272907,350629,199217,115426,421659,380649,255908,324391,211285,455886,133907,321850,255614,300823,136697;341037
98875,395091,284871,262098,342357,398452,67434,441605,222116,66974,21886,427472,305276,356791,140262,124272,86675,323676,340194,175560;98875
238209,1590,346501,379841,127995,194791,232172,26634,26477,107184,181493,308967,355393,442172,43120,354881,326305,218894,29684,409253;107184
106547,460133,31067,366344,234493,67434,238995,20017,396288,267815,178451,255614,339966,360213,396732,94756,342357,2917,73311,239050;178451,267815,396288
378045,278308,150940,226192,329028,437778,259304,452128,103941,119942,438484,141009,334401,320288,109583,444920,118753,312613,425920,292952;118894,348157,154512
249666,112009,132683,419371,330759,215868,192251,248569,403215,139967,314801,398326,214277,89688,180612,143418,117286,176113,364582,276245;91600
150918,305675,16633,107503,88831,464864,360017,38543,97139,356315,239050,346597,344755,258116,86057,321258,200977,213310,171815,287647;38543,455763,11749
354714,174208,180018,316907,254655,60321,430622,248597,203908,232509,431017,83730,193450,192090,133042,149095,130352,341773,428648,201245;60323,210279,60323,351027,60323
253286,350968,103003,272527,339087,58086,112550,64253,286731,133398,414410,211210,424421,174719,351551,265966,247909,436549,262098,294089;233861
325670,2917,239896,455886,433264,335975,350528,274008,254789,321850,443101,318785,438484,175668,330786,175539,56604,202983,200425,358697;239896
251751,463663,323084,147551,450627,401198,19588,262826,381478,349815,280148,179436,56477,78795,175831,9646,364875,286481,24265,88098;280148
378676,174724,445351,28144,113641,112566,277609,119736,214264,19976,383496,459848,242967,41217,36497,323381,73917,466008,370390,331633;378676
110943,153708,65273,438264,345086,227092,168215,40140,416772,392311,228075,79595,417927,34488,436694,242521,262105,188171,337327,239871;419156,419156,114250
352723,496,1879,401415,448943,83569,258303,422471,462203,288795,74025,110943,84973,133224,274281,179436,187138,281283,314942,123541;293477
248597,133042,66424,29080,285608,271101,260539,366177,174208,130352,3383,454818,375386,397449,224348,259147,187623,46443,27897,304685;391156,391156
17108,423612,330647,12953,179436,322489,249130,184199,139967,27229,216044,109663,446500,29684,285135,174719,327907,314688,35061,176113;17108,17108
408504,215868,277247,283923,360510,442721,393134,47415,411267,253273,365166,129209,97139,313463,448972,179733,104479,263182,5143,179400;129209
50221,390379,267347,221501,404033,277992,124834,348352,454301,33320,352822,326119,128443,303058,258613,466861,313338,323194,118199,95042;167543,243250,407343,243250,407343,393910
150940,378045,274443,278308,239738,329028,320288,437778,226192,259304,188169,425920,109583,167399,452128,119942,191049,103941,355504,118753;398849
200425,210373,56604,239848,68106,150185,373851,416170,396042,218576,300431,261589,135046,242637,462862,36497,20187,377960,52104,215944;438092,53286
148484,306763,335331,428891,66424,92271,312077,237017,393601,286645,358803,264183,303058,271268,138931,143000,177615,387780,6174,298560;1986
107753,260539,98807,47044,161660,285608,240708,46156,79826,270492,304685,443030,243843,169256,111179,227211,286645,112538,430200,66424;369158,64002,386724,325652,386724,386724,146613,94437,217278,2463,146503,66926,248605,24147,121017,222684,248605,121489,283405,283405,54115,96883,96883,257575,96883,399031,257575,212917,245852,245852,383618,424186,373128,424186,277490
421884,246305,412622,178358,57255,214757,165415,76971,360017,255202,78144,152034,29940,361443,387652,231277,331459,4377,413686,144053;412622,319680
210279,454818,152328,344110,383212,441751,421884,411723,380649,29080,254655,134576,248597,63136,180612,210975,354714,133042,239774,116885;411723
360510,1956,253909,227318,156571,369619,315543,496,340375,248127,243245,461576,335873,265674,248569,320914,74025,139394,97139,83569;18290,118506
122225,277211,2455,207437,212583,75018,337101,24734,353111,124583,85722,317376,106547,390934,321089,266877,31004,28367,362457,81579;122225
379841,56303,232172,204057,381211,127995,181102,262051,65273,79524,133224,355393,26477,214262,91152,442172,277762,159780,1590,322717;379841,379841
355994,69533,136847,67045,184903,57578,31625,155319,247427,345539,121584,345059,393767,283269,265966,155548,460553,122873,361554,366734;355994
192653,357111,288249,407658,306045,342330,230985,288525,388227,391917,450082,124118,51354,153907,12569,442431,430200,211418,1956,249592;342330
73906,442150,334094,433697,173223,149049,352441,193488,291562,447215,441605,328876,452267,41295,56477,349815,430546,60323,201850,332018;353387,352441
23528,235771,92078,171771,301063,93382,275118,88098,127537,358230,428034,401151,356455,257635,323084,101876,218576,456889,146613,260481;387221,79748,226192
391484,411482,393111,459220,260719,150479,207437,267249,343848,16344,2455,281717,260317,206241,399748,335331,109416,267051,98178,306579;391484
255614,350629,127688,184199,247483,204057,175914,258155,338427,41803,126623,431147,227667,346648,184786,446961,424506,133907,396619,79524;408384,162467,21886,438412,79504,129672
422471,9646,147551,198903,357671,1956,244819,322485,19588,234050,88098,226016,73282,109663,1879,305276,306836,438978,349815,230405;360345
94756,91998,118382,272324,346673,63119,207437,275294,257562,359808,101288,440129,425758,28867,130022,386947,179856,418277,33030,204868;256479,264604,256479,36497
192653,148103,201850,386563,127688,249592,336861,20388,69303,88098,138613,391917,427472,344071,300559,332364,187354,445776,441668,357111;185535
14974,448943,163998,400998,19883,277550,122041,179400,170751,281480,390036,166122,424996,429046,348451,112566,4001,427725,426977,133224;347247,243169
336861,73602,80435,258303,300559,274281,139394,144820,344071,430200,451181,236414,161660,69207,270291,374835,187354,126125,249592,271887;302632,302632
272527,43447,211210,315017,350968,194791,234050,445109,95977,367588,14974,139243,138017,154516,90389,253286,422471,159780,382128,448839;272527
437778,274443,150940,438264,278308,48731,317899,301721,141009,425920,334401,210822,25762,181527,417992,279464,305016,403,292444,261589;196981
448943,382885,29656,78496,330647,255908,58752,86430,88831,368314,30964,110943,340894,247909,29684,253286,90835,280328,83569,296790;83569,83569,296790
134118,439963,142466,176547,224605,310702,340894,301013,372243,81434,257420,40870,42002,212767,368701,442131,30336,315176,461538,17655;300823
326766,232172,192653,112538,447360,425920,198921,75873,374135,284463,289844,301462,334886,303870,413951,117695,109025,238650,448428,356421;2008
12765,106037,359491,434814,73568,350528,174537,103941,192227,181973,142240,65284,266521,272703,14974,189155,460188,27248,303341,452128;257575
27442,179400,107972,364073,268530,121584,248569,74952,222888,379520,28493,403215,90389,224700,299817,188228,379467,162467,74025,5730;139243
336861,403564,296795,433441,1956,192653,301701,73602,262521,249592,44208,127688,337698,113233,89737,202534,96904,250019,110950,148103;296795,412656
146100,380649,188228,404789,314801,230785,198903,143418,90389,77902,78496,269614,267245,217218,357650,272907,281164,170372,422471,144635;117551,36906
5440,10572,353519,211418,333183,132683,192491,176113,294064,175831,375021,259873,138613,8016,111737,313463,303833,373384,309139,301013;249689,249689
288763,350528,455886,307455,447995,254789,274008,362457,443101,5070,223985,239750,67811,114342,122467,121584,63769,390934,453816,301843;339966
425296,364437,291562,242637,300431,368193,392311,345086,313230,141009,40140,268081,188171,264183,256747,350629,47447,52104,262105,337661;425296
60321,318785,324077,203908,335975,325670,316907,347244,194958,291562,149095,239896,377960,202907,399748,443101,124272,423748,337349,76815;237817
188228,77902,101718,175749,442496,272907,366344,306034,136697,379520,146100,447877,90389,380649,179400,255614,121584,322955,362634,403215;101718,101718,442496,358167
114137,165415,379841,127995,412371,181493,122873,26634,381211,238209,322717,45237,4284,4887,442172,292667,442001,152236,432930,447888;389436,389436,389436
340375,255908,258303,222888,274281,74025,97307,80435,352723,386607,268530,248569,457045,76196,282385,253909,265674,496,118215,227318;227318
200425,165230,267051,237019,175668,447960,211285,421659,214630,300431,220136,136697,287279,153421,265674,141241,261589,217043,318985,359344;105149
438484,47447,226192,258155,35986,141009,353111,92814,350528,452128,377960,335975,368193,290312,199989,172293,224690,239896,198144,174185;438484
496,331725,134118,248614,301013,340894,383496,151410,439963,281480,325652,40870,25235,313714,355752,5305,303833,393768,85865,130865;388137,92221
390712,71733,349815,334481,234050,133517,89380,425814,465511,95953,295026,408504,195219,239950,404101,359586,48997,81473,188830,106535;334481
146613,422905,285729,442511,448690,188463,85832,424017,73917,47044,302587,45140,128443,172605,401198,365536,207088,294137,434325,103413;272976,272976
232172,109583,403302,437778,240970,239738,67486,159780,165267,329028,210928,342530,103941,5675,434513,453043,320288,134793,4887,252483;182413,373624
335975,318785,438484,325670,455886,377960,433264,239896,350528,274008,175539,254789,224690,67811,316907,431147,269177,279087,358697,63769;335975
227667,260539,259147,136847,207993,443030,30990,121584,125084,230911,312594,445105,93602,24593,214790,61001,358845,108646,447995,223985;93602,224995
321257,97511,281480,207993,448345,88831,172004,133224,232542,20395,393944,147294,19883,14974,106037,268973,277550,448943,250383,274281;97511
252068,365673,184465,179436,192931,340894,122873,346597,184903,364875,264513,50648,257840,253286,177618,89704,318421,212767,300670,200625;365673
408504,421739,112657,56782,63543,411751,304877,349809,244534,350384,329279,85722,219488,57788,369619,31648,432676,153907,124583,29100;244534
144540,18287,376371,73906,397642,146630,166100,193488,38483,401198,198921,345086,71733,151444,91925,79595,131387,274217,442150,168224;260579,398336,260579,260579,313387,313387
198903,30024,269614,430550,423612,216044,227667,44054,143418,146100,136847,310514,84973,83569,314688,314801,70035,57389,121584,407489;30024
4284,88831,200977,127995,165415,190070,430317,340894,331311,122873,377603,328692,64202,177618,133224,74494,18287,37254,96924,178837;369933,369933,54600,235902
364875,70035,438978,9646,463663,244819,385520,155319,69783,109663,147551,179436,19588,375492,323084,398579,230376,301013,433543,361551;101670,101670
425186,184217,254655,215868,214264,358650,361103,204685,112566,28144,163998,228068,385091,404056,317356,381944,174724,44137,248711,243171;425186,45377
29825,75873,153778,240970,260539,356421,79097,127537,422671,221290,214692,262051,46156,443875,425920,350399,51969,191303,204166,462217;51969,51969,51969
47863,260481,227667,403969,247307,121584,184199,460188,287470,427360,140416,458637,244571,107704,207379,297884,131298,71640,438412,187992;348221,215704
363881,430317,64202,379841,165415,432930,331311,217483,397154,204057,197789,4284,299038,182539,190070,274798,221290,75922,65273,143185;161623
357111,25762,383496,418099,106535,437778,380689,71733,417992,338395,338148,329028,214187,5675,124556,130113,159845,112537,260152,334401;279815,112537
303341,260539,339763,15564,314397,324650,108646,146735,298056,73568,85832,211451,184199,82278,227667,240708,181973,221290,24593,192409;234255,84310
438264,345086,79595,271887,242521,103961,317899,144540,168224,249592,99135,416772,203002,455570,242637,210408,313230,76617,1956,31078;450943
153767,454301,109656,221501,75392,130221,231243,248063,421917,62394,267347,326119,124834,298255,323194,322489,136182,348221,286044,336121;463851
262098,243265,91998,405493,82389,326551,8692,116587,367032,45622,355594,21886,431017,132600,399430,227790,205829,57810,64253,286731;82389,82389
283923,211418,29100,277247,103900,52778,56782,246305,264604,442721,132683,432357,5143,139773,369565,317356,418606,225279,259873,379796;465507,448220
434325,51983,17812,360710,335235,41295,390467,167587,86908,91105,329311,192653,181673,62502,399192,146630,59467,455570,89438,89688;444593
350103,239377,310944,31640,308102,153767,254655,222077,13224,387780,330647,372169,46443,52653,290317,89688,173806,300431,139967,108220;301843
274281,209994,106037,268973,40870,208939,352723,449819,302559,103941,65273,438264,5305,279464,392311,321257,462203,172004,344616,289633;355412
29825,153778,79097,260539,356421,75873,46156,240970,214692,221290,30990,127537,422671,358845,191303,445776,262051,462217,263188,126623;191303
216508,299038,95598,192227,255908,436456,141009,455570,272455,355325,371585,194270,368193,358731,182539,111240,155427,86430,12040,359491;216508
255614,258155,255908,141009,35986,306034,455006,101718,74025,266521,457045,274281,187934,350629,265625,368193,242194,226005,47447,447960;302632
257200,453487,57389,42002,144704,436360,70035,412662,128129,436549,439963,90219,108452,136847,179856,91998,340894,212917,165030,459048;174341,120073,120073,120073,72958,316010,90822
136847,447995,121584,223985,83791,117984,69207,341482,359112,288763,350528,5070,161703,211285,67045,455886,420943,325585,267245,355994;220086
132683,398326,4442,268530,364582,405649,253452,121584,54502,259873,335167,300314,390093,415810,299817,403215,63136,279815,210279,180612;293097
443875,192653,405548,357111,69631,32267,12569,320732,436694,233132,375492,178999,413951,338660,353651,321712,224605,314073,65273,29825;399748
106535,232172,437778,137352,78395,124556,296619,117206,373851,288078,326846,411482,93382,378045,329028,294267,276282,218576,262982,150940;180751
240970,109583,279531,334886,278586,453043,232172,244783,215503,294807,326766,153778,395845,379841,170811,122604,244027,425920,84773,359097;359097
442496,408504,136697,403215,101718,322955,385472,379520,175749,188228,350528,457045,306034,57788,195852,267245,211285,153666,390934,21886;101718
18921,2416,392146,191106,54058,45622,448428,144540,275118,16206,133647,373842,446934,3902,323084,284871,235771,161135,445676,71733;18921
439963,350968,436549,346436,70035,7147,173313,176547,432011,14974,439194,443875,424421,340894,383548,266942,125751,182157,277490,103003;379810
390036,102229,316753,48030,254432,372169,448943,308102,323381,315017,253615,333191,447995,277119,113899,231243,55227,92271,174537,255908;461765
408504,179400,248569,253273,216548,34702,355752,496,393134,437293,282385,83569,450641,166591,27606,243171,203090,315543,404101,442721;17586,17586,370897,2660
1956,48892,84973,192792,312251,146630,55758,229749,331725,304840,426267,325652,287287,186228,433667,38483,314942,299038,330506,353519;375150
122041,14974,448943,70035,136847,127394,57578,271801,179400,362634,436360,11976,441751,114837,301013,262522,44054,430550,120114,142449;122041
437778,416952,124556,418608,168010,343848,141009,292952,288078,357111,345086,465522,311336,368193,47447,226192,380971,149230,359344,312316;228964
334401,40596,437778,200536,124556,119736,331209,385472,124272,289486,183313,49384,403,195219,450061,243265,322721,259304,430622,302391;279280
454818,75415,383869,334886,442150,224348,412371,120073,421884,86532,192653,290003,129454,289844,2765,358845,328692,173223,433697,243247;129856
363881,344110,405101,360017,165415,24593,246305,216305,259884,29940,221290,178358,237587,383212,299372,383176,362447,30990,421884,379841;1255,1255
322489,310944,86476,287647,81185,122873,179436,313338,254423,330647,18287,97139,346597,376084,96849,100735,1489,339531,445109,323194;392548
287647,151553,179400,47415,231243,97139,413990,377723,393744,266553,360213,130221,254432,45583,393134,78496,376084,355752,179436,458271;151553,287647
365536,73917,331633,268581,102960,61303,125440,422561,44137,389158,165337,232172,348352,322887,232917,91708,36497,41217,8122,370390;93657,102960
259147,187992,433441,301701,459048,57810,144704,227667,136847,125084,234215,381265,101876,208270,285135,70314,155050,443030,393767,32381;168367,168367
408504,56782,132683,29100,10572,211418,317356,256513,403215,390093,34702,388227,283923,405649,134576,47841,418606,246305,391917,243171;273174
390467,44234,82437,463025,237963,299222,71733,135975,192090,398951,293197,328876,168224,70868,176113,214293,289844,181227,401198,290317;463025
153767,141241,90556,282551,105950,350865,366177,94442,432409,74952,178348,383212,186256,224700,210279,74833,333191,438412,31640,223985;407292,407292
260481,258303,289633,92668,68000,257635,93101,274281,359109,357671,121584,92078,288340,9187,62269,110018,297884,346437,6100,218626;247909,192569
328876,241209,86908,149578,20388,359439,114681,201850,338427,127688,446534,260481,343848,143185,345086,82437,133103,58693,168224,192653;113894,113894
140156,67811,54875,325585,374554,326551,220136,151183,444712,252340,318985,461576,395091,54502,158448,284871,340194,211285,137697,48704;306419
453487,42002,212917,442431,179856,436360,70035,73593,339665,179290,320732,283923,128129,120073,165593,90219,303833,350384,448507,57389;24418
5070,359863,212438,396042,207379,388356,93382,183351,153767,210928,11670,144785,314996,415160,235771,302696,124272,288763,276282,181202;246411
216266,405101,419724,344110,227667,443030,46156,241752,144015,181973,84973,262051,299038,19241,260539,127688,445105,30990,199838,65284;129643
192653,358845,110950,240708,296795,238650,285072,144704,75597,79097,112538,403564,29825,260539,433441,25189,46156,427360,376793,257200;75597
165030,96904,411373,19648,158498,408907,242548,373403,90219,453487,191203,45622,108452,128129,442431,42002,461091,144704,165593,407078;408907,373403,242548,411373,90219
284871,75779,92078,79537,106547,304886,92814,19588,106535,256513,304877,23528,387339,275118,155871,458271,374759,140262,24265,342357;53171
165337,240708,210928,146613,278586,8122,252483,365536,15564,383802,78968,302696,81685,373128,172605,389158,64253,42720,45543,345034;254325,16460
95971,243355,381613,110151,215308,276245,263769,197227,327946,425814,384470,446998,174752,27724,117286,26284,90389,70868,422356,298196;243355
252203,335331,47044,273239,3136,50221,221501,86861,161135,199233,306763,290282,186702,425758,176162,434289,372243,3962,387947,345211;65273
224355,361734,209994,300536,192931,366734,233429,50648,392311,30336,261644,449819,86861,188171,239020,300670,125751,168215,188169,21455;92039
262557,303833,39773,321257,283923,369565,180010,436360,211418,161660,29100,31648,301013,430200,76022,248614,313463,296353,413951,213280;262557
129279,56782,124583,118382,318420,63133,240262,453487,146327,358485,61001,455006,362634,136847,179290,88904,134576,287356,204023,312594;126674,149382
374996,188830,349815,332364,100282,416952,140262,207125,443690,204892,56303,195219,305276,81473,175560,241209,200536,359586,257584,277762;374996
92466,391156,366177,180214,254655,327946,210975,359344,380971,180018,152328,168010,435796,301721,36497,368193,57221,360825,312613,27897;133042,391156
419980,146613,455886,460188,359109,403969,301701,415610,175539,350528,461061,42841,211285,121584,242905,427360,243265,357531,446067,291728;291728
191049,288763,23707,150940,266439,167399,170390,261644,239750,436360,50275,103711,64451,100684,89087,307455,5070,335331,415781,306763;278341
202648,90389,381613,290317,95971,370390,301345,425814,48704,110151,310944,39070,390591,276245,396491,71784,254655,117286,374554,318746;202648
165337,240708,210928,146613,278586,8122,252483,365536,15564,383802,78968,302696,81685,373128,172605,389158,64253,42720,45543,345034;165337,165337,165337,165337
25762,435796,321712,357111,204494,437778,307201,266861,382958,14671,417992,92951,243843,205764,170811,174724,143000,304568,113535,465522;248711,208529,338660
41803,118382,358485,175914,239774,279905,4442,247483,416511,421884,350629,364950,399748,312594,94756,31625,31067,258155,315685,47447;354982
232172,303229,428534,181493,218576,251868,44234,117695,197862,373851,103413,148855,129484,237963,296619,308053,293197,398951,296536,20187;428534,428534
13280,243843,270320,174724,257245,101666,74634,247950,130352,345034,113535,334401,49466,125084,170811,407658,211418,336131,443030,73568;216305,29940
448839,306965,358854,370390,48731,119736,92466,235559,294137,95808,123745,391992,334401,89380,309403,261589,210822,147005,422044,101666;358854
56303,379841,277762,204685,79524,204057,266877,442172,178537,355393,49466,210975,322717,381211,416952,83837,166591,81473,456166,181102;290480,121589,290480,121589
437778,49384,385472,357111,195219,210408,462188,46600,200536,334401,188830,5675,281211,338395,119736,159845,48731,332364,207125,124556;49384
71733,89380,174724,247999,273239,171959,68814,48997,375332,50737,380689,383496,390712,215868,456056,417992,338395,81473,184331,25762;341971,169213,170390
47044,332175,422905,79956,370390,85832,339763,294137,108646,268581,15564,240708,333191,442511,424017,78968,355605,146613,289915,392357;47044,332175,47044
361554,122873,67045,398634,83791,31625,177036,279905,8259,355994,54875,94756,131196,274171,339808,103952,155050,388212,110517,339966;420509
66737,202983,335331,78395,24734,171959,363402,2917,122225,267051,204209,10034,167399,327946,241498,277119,150940,330786,235559,266439;335268,335268
25235,281480,302478,14974,125751,239608,5305,86861,390036,1668,439194,176547,235559,270492,336756,97836,99241,156466,436360,184331;165677
120073,42002,442431,383869,192653,51354,81434,12569,175831,257200,320732,308967,453487,276494,200180,263513,348032,144704,133647,148478;171375
215868,388227,371585,68814,178537,79378,81473,288525,7943,306045,465751,358485,250526,359586,165397,357111,222502,450082,56782,360905;52815
199838,36310,305520,407489,127688,282806,184199,89232,180612,194270,434325,452341,89737,268530,227667,328486,335167,339763,145514,324670;217068
408504,101718,175749,166591,306034,282385,179400,398326,178537,362634,248569,299817,364073,306045,74025,34702,243169,411751,37863,272048;420290,95977
342530,126623,204057,25648,262051,442131,29825,4613,227092,146735,133224,175914,153778,259669,37254,1879,231482,270144,434513,82586;191303,51969,51969,204442,171375,189444
408504,215868,277247,283923,360510,442721,393134,47415,411267,253273,365166,129209,97139,313463,448972,179733,104479,263182,5143,179400;388558
179856,453487,14671,63119,382958,176547,171959,247999,320732,335331,301079,17478,33030,143000,18573,118382,202983,454300,111000,92832;322342,322342
112197,334094,164344,240708,112538,303341,294137,161553,422905,256270,89379,373128,424017,15564,298056,244571,403,106447,165337,126332;112197,305496
432409,237021,154289,139773,224700,430622,254655,74952,191726,185246,349736,180018,79956,354714,408218,133042,386527,153767,249666,257245;259147,259147
207125,188830,443690,374996,332364,200536,357111,5675,226016,349815,49384,214187,233356,100282,88098,276494,210038,322485,234050,462188;224833
38965,43120,300431,330647,1879,188463,316135,29684,190070,254423,291562,150875,149578,331244,159780,79595,401415,344616,238209,184199;150875
197077,106547,66078,356315,29890,215505,398756,346597,173291,308967,73311,79537,360213,239050,57255,234493,47790,20407,292098,409253;60515,60515
274281,92814,209994,172004,171815,140035,188390,288795,268973,434513,107438,45583,4613,234603,245168,239020,183762,393744,352723,386636;18519,18519
125145,298255,312781,456355,133398,287470,51207,153767,321850,23707,261644,42720,403969,5070,103711,124834,247307,65281,67045,175668;125145
215868,408504,388227,211418,465751,250526,56782,243171,166591,34702,437929,442721,81473,317356,240054,361551,179400,437293,47841,204685;285384,396633,180905,396633,180905,361945,180905,396633
174724,437929,130352,254655,66424,215868,211418,248711,74634,13280,206266,56782,418606,257245,279457,92678,75959,29080,382016,21163;308510
127688,442150,192653,29825,149049,338427,313230,433697,173223,334094,359439,126623,406620,227092,345086,358845,192409,445776,184199,221290;72478,93029,167166
91708,66424,268581,153767,73917,331633,348352,286645,376823,133042,277609,285608,44234,377923,89087,227211,271268,23707,170390,8122;135000,302055,302055
180612,335167,383212,184199,434325,438412,117286,234215,227667,74833,422356,24593,46443,132683,259147,210279,186888,115725,318746,404789;180612
184903,265966,50648,67434,9646,192931,247909,300670,355994,184465,152120,155319,179436,382145,342530,460553,314688,350968,365673,364875;365673,184465
303229,197862,103413,51334,409253,151043,21455,24265,300536,20187,26671,373851,398951,218576,174538,275118,401198,251868,415242,117438;167126,167126
47044,283269,69533,85832,127042,207993,453564,190000,249731,350968,240708,248605,146735,318421,146613,243310,165337,122941,450020,393768;400804
339808,184199,350629,421659,41803,279905,416979,227667,247483,424506,133907,324391,67045,115426,110517,342816,198437,300431,316907,345539;93001
430550,269614,216044,445105,44054,310514,57389,30024,233427,314801,53436,143418,313666,214277,89116,70035,380649,85865,84973,11279;92178
335331,40870,66548,239608,306763,323381,111417,322342,48030,186702,424279,167399,5305,102229,347833,92271,277119,69974,204209,143000;390036,417230,390036,72299,72299,376901
82586,336855,136847,4613,198519,342530,14974,221638,25648,11976,393944,399592,420943,122041,301013,442131,175914,434513,6656,50648;82586
91708,73917,398951,101506,365536,28144,172605,302696,232172,322887,44234,389158,227422,277609,271890,339944,36497,445749,404056,390591;45377,45377
308967,328692,198921,204685,346501,21561,69631,374135,8827,4284,412371,296989,26634,6586,18287,1590,120073,442172,200659,247999;308967
44137,367032,373128,26634,1590,215363,334886,105631,179834,431017,446998,346501,220086,116587,133647,322887,302696,442172,417844,248711;278717,95069
331209,191203,443101,335331,328382,23707,343151,411373,405493,125927,206241,103711,91998,302329,45622,241498,298214,243265,128129,131196;125927,377181,60221
146613,73602,438264,44208,9759,376371,336861,244571,428423,122941,235771,390379,2416,177695,167543,131099,215591,260650,385261,79097;10173,10173
211285,359109,140156,267593,322955,50275,288340,461576,324209,67811,331209,191726,270224,341482,220136,237021,218794,156571,11670,137697;8159,279280,279280
40596,74952,29100,259304,146528,390934,274794,376823,312613,336131,451181,161660,237021,249829,364262,289486,412060,222888,8347,378045;90556,75855
141241,330647,90556,131298,232916,300431,227667,121584,81347,13027,184199,37554,434325,47863,24136,86908,20187,175555,223985,24593;24304,167940
430622,336441,180018,185246,432409,237021,154289,74634,310620,339763,428648,407658,267161,294137,354714,9131,224700,257245,101666,249666;88553,237852
210975,322717,74833,299290,214262,252262,353111,441199,2785,308597,199989,337101,67486,122225,438484,258155,403302,379841,45237,4887;252262
321089,256513,124556,122225,331209,336166,55556,2455,239750,75018,106535,207437,403792,266439,302329,276282,391484,24734,378045,329279;321089,5411
40870,5305,496,315543,439963,69974,254432,369619,274281,393744,66548,358348,239020,434534,75555,161660,204023,320914,162745,461538;40870
288763,350528,390934,5070,307455,114342,259304,320288,239750,202716,434814,97836,364262,355925,299384,190172,353111,191049,317376,254132;205111
192653,358845,110950,240708,296795,238650,285072,144704,75597,79097,112538,403564,29825,260539,433441,25189,46156,427360,376793,257200;75597
122873,88831,16633,4284,178837,1152,330647,165415,12404,383735,216044,36868,287647,283269,383176,279656,207993,328692,361496,150918;106721,367032
106547,304877,342357,46600,193304,349233,284871,395091,333140,411751,210408,2917,229928,368514,194731,92814,75779,215505,271887,396732;332108,193304
257952,352318,420631,103900,403346,76971,110950,387652,328876,305496,205231,16344,173365,408933,244571,446534,241209,379390,60321,423748;423748,228112
277762,442172,416952,346501,56303,379841,79524,418608,81473,139243,91152,234033,359586,238209,140262,60323,204685,254418,26634,390475;240660
24593,321257,13031,283269,216305,207993,313463,105950,363881,111737,187138,434325,282551,190070,259884,221290,12404,197642,405101,237587;188723,72235
388227,215868,200180,452267,206266,211418,230785,361551,421884,350384,364582,380649,109663,306289,408504,441751,243171,437929,129457,61345;200180,309139,200180
272527,366734,448943,159780,14974,280328,265966,445109,50648,315017,367588,19883,253286,393744,43447,350968,382145,147294,34269,239020;220591
282551,289633,5070,274794,153767,288763,390934,39469,364262,274281,317376,74952,183351,90556,224954,141241,376823,387075,132683,408203;127555,127555
86430,417992,86861,253615,281448,215704,5305,382885,355325,273239,197789,3136,444190,426947,92466,230890,371585,48731,5813,111240;107539,308006
365536,73917,331633,268581,102960,61303,125440,422561,44137,389158,165337,232172,348352,322887,232917,91708,36497,41217,8122,370390;102960
375955,69631,397154,372243,218541,369565,62023,61529,200659,306763,277271,243606,246634,247999,224605,340825,143000,19976,321257,75922;375955
221290,379841,82278,143185,190070,393028,432930,38965,362447,430317,334886,447888,299038,85832,47044,4887,64202,412371,356421,206289;274798
425758,244577,91998,261644,122941,211801,192931,224355,235741,361734,2416,160272,279531,65021,300536,50648,146613,253286,230616,79428;425758,425758
330647,71784,139967,153767,348221,277247,186256,72026,231243,350103,19572,326119,118199,239377,20740,360510,372169,192875,308102,86476;201257,384302,120763,19752,19752
395091,103961,297662,147,144540,139515,313230,403564,296795,203002,345086,161135,376371,1956,336861,284045,210408,76121,438264,357531;360877,438513,456874,465495
431017,61303,44137,28144,422561,370390,390591,365536,263769,95971,73917,119736,238447,396042,228279,254655,165591,179834,367032,459546;292059
146896,22913,90240,191106,310702,336166,300559,372855,213280,315176,356455,256513,55556,103900,348647,106535,361443,275118,148103,321258;146896
350384,211418,408504,437293,124118,256513,243171,263513,453487,442431,48997,283923,206266,243136,200180,276494,37029,452267,372382,362059;350384
121584,227667,81347,223985,184199,330647,141241,438412,421659,90556,259147,69207,339808,325585,47863,446500,108646,424506,94442,211285;211514
421917,323381,130221,221501,335331,47415,239608,19976,267347,113641,204209,235047,445351,186702,383496,75392,188698,453155,1489,235559;421917
274281,92814,209994,172004,171815,140035,188390,288795,268973,434513,107438,45583,4613,234603,245168,239020,183762,393744,352723,386636;18519,18519
